$ 1 0.000005 10.20027730826997 50 5 50 5e-11
152 432 208 560 208 0 2 0 5
150 304 224 432 224 0 2 0 5
150 112 176 256 176 0 2 0 5
w 560 64 592 64 0
w 448 64 560 64 0
w 288 208 288 80 0
w 304 240 256 240 0
w 432 176 432 192 0
w 96 192 96 96 0
w 112 192 96 192 0
w 64 64 128 64 0
w 64 160 64 64 0
w 112 160 64 160 0
w 96 96 128 96 0
w 256 176 432 176 0
w 256 240 256 48 0
w 256 32 256 -80 0
w 256 48 256 32 0
w 320 48 256 48 0
w 304 208 288 208 0
w 288 80 320 80 0
w 256 80 288 80 0
154 320 64 448 64 0 2 0 5
154 128 80 256 80 0 2 0 5
w 560 208 560 272 0
w 560 272 256 272 0
154 128 336 256 336 0 2 0 5
154 320 320 448 320 0 2 0 5
w 256 336 288 336 0
w 288 336 320 336 0
w 304 464 288 464 0
w 320 304 256 304 0
w 256 304 256 272 0
w 256 496 256 304 0
w 256 432 432 432 0
w 96 352 128 352 0
w 112 416 64 416 0
w 64 416 64 320 0
w 64 320 128 320 0
w 112 448 96 448 0
w 96 448 96 352 0
w 432 432 432 448 0
w 304 496 256 496 0
w 288 464 288 336 0
w 448 320 560 320 0
w 560 320 592 320 0
150 112 432 256 432 0 2 0 5
150 304 480 432 480 0 2 0 5
152 432 464 560 464 0 2 0 5
152 432 720 560 720 0 2 0 5
150 304 736 432 736 0 2 0 5
150 112 688 256 688 0 2 0 5
w 560 576 592 576 0
w 448 576 560 576 0
w 288 720 288 592 0
w 304 752 256 752 0
w 432 688 432 704 0
w 96 704 96 608 0
w 112 704 96 704 0
w 64 576 128 576 0
w 64 672 64 576 0
w 112 672 64 672 0
w 96 608 128 608 0
w 256 688 432 688 0
w 256 752 256 560 0
w 256 560 256 528 0
w 320 560 256 560 0
w 304 720 288 720 0
w 288 592 320 592 0
w 256 592 288 592 0
154 320 576 448 576 0 2 0 5
154 128 592 256 592 0 2 0 5
w 560 528 256 528 0
w 560 464 560 528 0
150 112 -80 256 -80 0 2 0 5
w 96 -64 96 -160 0
w 112 -64 96 -64 0
L -32 -224 -32 -256 2 0 false 5 0
w 64 -192 128 -192 0
w 64 -96 64 -192 0
w 112 -96 64 -96 0
w 96 -160 128 -160 0
154 128 -176 256 -176 0 2 0 5
w 256 -176 560 -176 0
w 560 -176 592 -176 0
w 560 720 560 832 0
L -48 -224 -48 -256 2 0 false 5 0
L -16 -224 -16 -256 2 0 false 5 0
L 0 -224 0 -256 2 0 false 5 0
w 96 -160 0 -160 0
w 0 -160 0 -224 0
w 96 96 -16 96 0
w -16 96 -16 -224 0
w -32 -224 -32 352 0
w -32 352 96 352 0
w 96 608 -48 608 0
w -48 608 -48 -224 0
w -144 576 -144 -224 0
w 64 576 -144 576 0
w -128 320 64 320 0
w -128 -224 -128 320 0
w -112 64 -112 -224 0
w 64 64 -112 64 0
w -96 -192 -96 -224 0
w 64 -192 -96 -192 0
L -96 -224 -96 -256 2 1 false 5 0
L -112 -224 -112 -256 2 1 false 5 0
L -144 -224 -144 -256 2 1 false 5 0
L -128 -224 -128 -256 2 1 false 5 0
w 736 1040 736 144 0
w 592 -176 688 -176 0
w 720 1040 720 384 0
w 672 64 592 64 0
w 704 1040 704 640 0
w 656 320 592 320 0
w 688 1040 688 896 0
w 640 576 592 576 0
M 688 1040 688 1072 2 2.5
M 704 1040 704 1072 2 2.5
M 720 1040 720 1072 2 2.5
M 736 1040 736 1072 2 2.5
w 64 880 -144 880 0
w 96 912 -48 912 0
154 128 896 256 896 0 2 0 5
154 320 880 448 880 0 2 0 5
w 256 896 288 896 0
w 288 896 320 896 0
w 304 1024 288 1024 0
w 320 864 256 864 0
w 256 864 256 832 0
w 256 1056 256 864 0
w 256 992 432 992 0
w 96 912 128 912 0
w 112 976 64 976 0
w 64 976 64 880 0
w 64 880 128 880 0
w 112 1008 96 1008 0
w 96 1008 96 912 0
w 432 992 432 1008 0
w 304 1056 256 1056 0
w 288 1024 288 896 0
150 112 992 256 992 0 2 0 5
150 304 1040 432 1040 0 2 0 5
152 432 1024 560 1024 0 2 0 5
w 256 832 560 832 0
w -144 880 -208 880 0
w -208 880 -192 -224 0
w -48 912 -64 912 0
w -64 912 -64 -224 0
L -192 -224 -192 -256 0 0 false 1 0
L -64 -224 -64 -256 0 0 false 1 0
w 640 576 672 576 0
w 672 576 688 896 0
w 704 640 656 320 0
w 672 64 720 384 0
w 736 144 688 -176 0
w 448 880 656 880 0
w 656 880 672 1040 0
M 672 1040 672 1072 0 2.5
w 560 1024 560 1184 0
M 560 1184 224 1184 0 2.5
w 720 -480 640 -480 0
w 112 -480 -64 -480 0
w 144 -448 32 -448 0
w 608 -336 608 -272 0
154 176 -464 304 -464 0 2 0 5
154 368 -480 496 -480 0 2 0 5
w 304 -464 336 -464 0
w 336 -464 368 -464 0
w 352 -336 336 -336 0
w 368 -496 304 -496 0
w 304 -496 304 -512 0
w 304 -512 304 -624 0
w 304 -304 304 -496 0
w 304 -368 480 -368 0
w 144 -448 176 -448 0
w 160 -384 112 -384 0
w 112 -384 112 -480 0
w 112 -480 176 -480 0
w 160 -352 144 -352 0
w 144 -352 144 -448 0
w 480 -368 480 -352 0
w 352 -304 304 -304 0
w 336 -336 336 -464 0
w 496 -480 608 -480 0
w 608 -480 640 -480 0
150 160 -368 304 -368 0 2 0 5
150 352 -320 480 -320 0 2 0 5
152 480 -336 608 -336 0 2 0 5
