$ 0 6.000000000000001e-9 56807.00400224913 50 5 50 5e-11
164 240 160 320 160 8 4 0 0 5 5 false 0
164 400 160 416 160 8 4 5 0 5 5 false 0
207 336 192 368 192 4 4H
207 336 224 368 224 4 2H
207 336 256 368 256 4 1H
207 336 160 336 96 4 8H
207 496 256 528 256 4 16H
207 496 224 528 224 4 32H
207 496 192 528 192 4 64H
207 496 160 496 96 4 128H
156 576 128 656 128 10 0
w 496 160 576 160 0
R 576 128 544 128 0 0 40 5 0 0 0.5
w 576 128 576 192 0
207 672 128 720 128 4 256H
207 672 192 720 192 4 /256H
151 448 416 592 416 0 5 5 5
207 448 384 416 384 4 2H
207 448 400 416 400 4 4H
207 448 416 416 416 4 64H
207 448 432 416 432 4 128H
207 448 448 416 448 4 256H
155 592 416 640 416 0 5
R 224 80 176 80 0 2 7159000 2.5 2.5 0 0.5
207 224 80 272 80 4 CLK
207 240 160 192 160 4 CLK
207 592 448 560 448 4 CLK
w 688 480 736 480 0
w 736 480 736 320 0
w 736 320 400 320 0
w 400 320 400 256 0
w 400 320 240 320 0
w 240 320 240 256 0
419 864 112 928 112 0 9
207 864 112 832 112 4 256H
207 864 144 832 144 4 128H
207 864 176 832 176 4 64H
207 864 208 832 208 4 32H
207 864 240 832 240 4 16H
207 864 272 832 272 4 8H
207 864 304 832 304 4 4H
207 864 336 832 336 4 2H
207 864 368 832 368 4 1H
w 688 160 672 160 0
w 688 416 688 160 0
207 736 480 800 480 4 HRESET
164 256 688 368 688 8 4 0 0 5 5 false 0
164 416 688 464 688 8 4 5 5 0 0 false 0
207 256 688 208 688 4 HRESET
207 352 784 384 784 4 1V
207 352 752 384 752 4 2V
207 352 720 384 720 4 4V
207 352 688 352 624 4 8V
207 512 784 544 784 4 16V
207 512 752 544 752 4 32V
207 512 720 544 720 4 64V
207 512 688 512 640 4 128V
w 704 688 688 688 0
207 688 720 736 720 4 /256V
207 688 656 736 656 4 256V
w 592 656 592 720 0
R 592 656 560 656 0 0 40 5 0 0 0.5
w 512 688 592 688 0
156 592 656 672 656 10 0
207 608 928 576 928 4 HRESET
155 608 864 656 864 0 5
207 464 880 432 880 4 1V
207 464 864 432 864 4 4V
207 464 848 432 848 4 256V
151 464 864 608 864 0 3 5 5
207 880 928 848 928 4 1V
207 880 896 848 896 4 2V
207 880 864 848 864 4 4V
207 880 832 848 832 4 8V
207 880 800 848 800 4 16V
207 880 768 848 768 4 32V
207 880 736 848 736 4 64V
207 880 704 848 704 4 128V
207 880 672 848 672 4 256V
419 880 672 944 672 0 9
w 704 928 704 976 0
w 704 976 400 976 0
w 400 976 400 784 0
w 400 784 416 784 0
w 256 784 256 976 0
w 256 976 400 976 0
151 1072 128 1152 128 0 2 5 5
151 1216 144 1344 144 0 2 5 5
151 1216 240 1344 240 0 2 0 5
207 1072 112 1040 112 4 16H
207 1072 144 1040 144 4 64H
207 688 416 800 416 4 /HRESET
207 1216 256 1168 256 4 /HRESET
w 1344 144 1344 176 0
w 1344 176 1216 208 0
w 1216 160 1216 176 0
w 1216 176 1344 208 0
w 1344 208 1344 240 0
w 1216 208 1216 224 0
151 1376 256 1488 256 0 2 5 5
207 1344 208 1440 208 4 HBLANK
207 1344 176 1440 176 4 /HBLANK
207 1488 256 1520 256 4 /HSYNC
207 1376 272 1344 272 4 32H
w 1344 240 1376 240 0
w 1296 448 1328 448 0
207 1328 464 1296 464 4 4V
207 1440 464 1472 464 4 /VSYNC
207 1296 384 1392 384 4 /VBLANK
151 1328 464 1440 464 0 3 5 5
w 1168 416 1168 432 0
w 1296 416 1296 448 0
w 1168 384 1296 416 0
w 1168 368 1168 384 0
w 1296 384 1168 416 0
w 1296 352 1296 384 0
207 1168 464 1120 464 4 16V
207 1168 336 1120 336 4 VRESET
153 1168 352 1296 352 0 2 5 5
153 1168 448 1296 448 0 2 0 5
I 1264 512 1328 512 0 0.5 5
207 1264 512 1232 512 4 8V
w 1328 512 1328 480 0
207 1296 416 1392 416 4 VBLANK
207 704 928 768 928 4 VRESET
156 1168 768 1232 768 0 0
207 1168 800 1120 800 4 CLK
207 1168 768 1120 768 4 256H
207 1168 832 1120 832 4 /256H
w 1168 768 1168 736 0
151 1312 752 1408 752 0 2 5 5
w 1168 736 1312 736 0
w 1264 832 1312 832 0
w 1312 832 1312 768 0
153 1408 704 1504 704 0 3 0 5
207 1408 688 1360 688 4 4V
207 1408 704 1360 704 4 VBLANK
w 1408 720 1408 752 0
207 1504 704 1552 704 4 NET
207 1632 1408 1664 1408 4 SCORE
w 1440 1168 1472 1168 0
w 1440 1248 1456 1248 0
w 1440 1568 1456 1568 0
w 1440 1648 1472 1648 0
w 1472 1456 1504 1456 0
w 1472 1648 1472 1456 0
w 1456 1440 1504 1440 0
w 1456 1568 1456 1440 0
w 1440 1424 1504 1424 0
w 1440 1488 1440 1424 0
w 1472 1360 1504 1360 0
w 1472 1168 1472 1360 0
w 1456 1376 1504 1376 0
w 1456 1248 1456 1376 0
w 1440 1392 1504 1392 0
w 1440 1328 1440 1392 0
w 1440 1408 1504 1408 0
151 1504 1408 1632 1408 0 7 0 5
w 1216 1632 1328 1632 0
w 1216 1568 1216 1632 0
207 1072 1408 1040 1408 4 16V
I 1072 1408 1248 1408 0 0.5 5
w 1248 1408 1248 1488 0
w 1216 1568 1328 1568 0
150 1104 1568 1216 1568 0 3 0 5
207 1104 1552 1072 1552 4 4V
207 1104 1568 1072 1568 4 8V
207 1104 1584 1072 1584 4 16H
w 1216 1504 1328 1504 0
207 1008 1520 976 1520 4 16H
I 1008 1520 1104 1520 0 0.5 5
207 1104 1504 1072 1504 4 4V
207 1104 1488 1072 1488 4 8V
153 1104 1504 1216 1504 0 3 5 5
207 1008 1312 976 1312 4 8H
207 1008 1280 976 1280 4 4H
151 1008 1296 1120 1296 0 2 5 5
w 1120 1168 1120 1328 0
w 1232 1312 1264 1312 0
153 1120 1312 1232 1312 0 2 0 5
207 1120 1200 1088 1200 4 8H
207 1120 1184 1088 1184 4 4H
w 1232 1184 1264 1184 0
153 1120 1184 1232 1184 0 3 5 5
w 1248 1584 1248 1488 0
w 1328 1584 1248 1584 0
w 1248 1488 1328 1488 0
w 1248 1328 1248 1408 0
w 1248 1328 1328 1328 0
w 1248 1152 1248 1328 0
w 1328 1152 1248 1152 0
w 1264 1392 1328 1392 0
w 1264 1312 1264 1392 0
w 1328 1312 1264 1312 0
w 1264 1264 1328 1264 0
w 1264 1184 1264 1264 0
w 1328 1184 1264 1184 0
207 1328 1248 1296 1248 4 16V
207 1328 1664 1296 1664 4 d
207 1328 1648 1296 1648 4 16V
207 1328 1552 1296 1552 4 g
207 1328 1472 1296 1472 4 a
207 1328 1424 1296 1424 4 16V
207 1328 1408 1296 1408 4 c
207 1328 1344 1296 1344 4 b
207 1328 1232 1296 1232 4 e
207 1328 1168 1296 1168 4 f
151 1328 1648 1440 1648 0 3 5 5
151 1328 1568 1440 1568 0 3 5 5
151 1328 1488 1440 1488 0 3 5 5
151 1328 1408 1440 1408 0 3 5 5
151 1328 1328 1440 1328 0 3 5 5
151 1328 1248 1440 1248 0 3 5 5
151 1328 1168 1440 1168 0 3 5 5
207 880 1328 912 1328 4 g
207 880 1296 912 1296 4 f
207 880 1264 912 1264 4 e
207 880 1232 912 1232 4 d
207 880 1200 912 1200 4 c
207 880 1168 912 1168 4 b
207 880 1136 912 1136 4 a
207 752 1232 720 1232 4 A
207 752 1200 720 1200 4 B
207 752 1168 720 1168 4 C
207 752 1136 720 1136 4 D
197 752 1136 832 1136 6
R 816 1424 768 1424 0 0 40 5 0 0 0.5
R 816 1488 768 1488 0 0 40 5 0 0 0.5
207 944 1664 976 1664 4 B
207 944 1424 976 1424 4 A
207 656 1664 688 1664 4 D
207 656 1424 688 1424 4 C
207 816 1456 768 1456 4 SCORE1_1
207 816 1520 768 1520 4 SCORE2_1
207 816 1664 768 1664 4 /SCORE1_10
207 816 1696 768 1696 4 SCORE1_2
207 816 1728 768 1728 4 /SCORE2_10
207 816 1760 768 1760 4 SCORE2_2
207 880 1584 880 1616 4 32H
207 912 1584 912 1616 4 64H
207 880 1824 880 1856 4 32H
207 912 1824 912 1856 4 64H
207 592 1824 592 1856 4 32H
207 624 1824 624 1856 4 64H
207 528 1760 480 1760 4 SCORE2_8
207 528 1728 480 1728 4 /SCORE2_10
207 528 1696 480 1696 4 SCORE1_8
207 528 1664 480 1664 4 /SCORE1_10
207 624 1584 624 1616 4 64H
207 592 1584 592 1616 4 32H
207 528 1520 480 1520 4 SCORE2_4
207 528 1488 480 1488 4 /SCORE2_10
207 528 1456 480 1456 4 SCORE1_4
207 528 1424 480 1424 4 /SCORE1_10
184 816 1664 864 1664 0 2
184 816 1424 944 1424 0 2
184 528 1664 624 1664 0 2
184 528 1424 608 1424 0 2
207 608 1280 560 1280 4 128V
207 608 1248 560 1248 4 64V
w 608 1328 608 1296 0
w 608 1216 608 1232 0
153 608 1264 752 1264 0 4 0 5
207 496 1216 448 1216 4 32V
I 496 1216 608 1216 0 0.5 5
w 448 1264 448 1312 0
153 448 1328 608 1328 0 2 0 5
150 336 1344 448 1344 0 3 0 5
w 304 1280 336 1280 0
w 304 1328 336 1328 0
w 304 1280 304 1328 0
w 320 1344 336 1344 0
w 320 1264 320 1344 0
w 320 1264 336 1264 0
w 336 1248 336 1360 0
207 320 1264 288 1264 4 64H
207 336 1248 288 1248 4 256H
207 208 1280 176 1280 4 128H
I 208 1280 304 1280 0 0.5 5
153 336 1264 448 1264 0 3 5 5
w 1104 1520 1104 1328 0
w 1104 1328 1120 1328 0
w 704 688 704 864 0
207 1776 192 1824 192 4 /CLR
207 1680 176 1648 176 4 /ATTRACT
151 1680 192 1776 192 0 2 5 5
w 608 896 608 928 0
418 336 2080 272 2080 0 1 40 5 0 0 0.5 PADTRIGGER1
151 432 2016 576 2016 0 2 5 5
151 432 2144 576 2144 0 2 5 5
164 576 2144 608 2144 0 4 5 5 5 5 false 0
I 336 2000 432 2000 0 0.5 5
w 336 2000 336 2080 0
w 336 2080 336 2240 0
w 336 2240 576 2240 0
w 432 2032 432 2080 0
207 432 2160 384 2160 4 /HSYNC
151 704 2192 816 2192 0 4 0 5
w 672 2176 704 2176 0
w 672 2144 704 2144 0
w 704 2144 704 2160 0
w 672 2208 704 2208 0
w 672 2240 704 2240 0
w 704 2240 704 2224 0
w 816 2192 816 2080 0
w 816 2080 432 2080 0
w 432 2080 432 2128 0
207 576 2016 624 2016 4 /VPAD1
418 992 2080 928 2080 0 1 40 5 0 0 0.5 PADTRIGGER2
151 1088 2016 1232 2016 0 2 5 5
151 1088 2144 1232 2144 0 2 5 5
164 1232 2144 1264 2144 0 4 5 5 5 5 false 0
I 992 2000 1088 2000 0 0.5 5
w 992 2000 992 2080 0
w 992 2080 992 2240 0
w 992 2240 1232 2240 0
w 1088 2032 1088 2080 0
207 1088 2160 1040 2160 4 /HSYNC
151 1360 2192 1472 2192 0 4 0 5
w 1328 2176 1360 2176 0
w 1328 2144 1360 2144 0
w 1360 2144 1360 2160 0
w 1328 2208 1360 2208 0
w 1328 2240 1360 2240 0
w 1360 2240 1360 2224 0
w 1472 2192 1472 2080 0
w 1472 2080 1088 2080 0
w 1088 2080 1088 2128 0
207 1232 2016 1280 2016 4 /VPAD2
153 1232 1792 1328 1792 0 2 0 5
w 1328 1792 1328 1840 0
207 1232 1776 1184 1776 4 /HVID
207 1232 1808 1184 1808 4 /VVID
207 1328 1856 1280 1856 4 PAD2
207 1328 1888 1280 1888 4 NET
207 1328 1904 1280 1904 4 PAD1
207 1440 1872 1488 1872 4 VIDEO
155 352 2384 384 2384 12 5
207 352 2384 304 2384 4 128H
207 352 2416 304 2416 4 4H
207 352 2448 304 2448 4 /ATTRACT
151 480 2368 592 2368 0 2 5 5
w 352 2384 352 2352 0
w 352 2352 480 2352 0
153 720 2384 816 2384 0 3 0 5
207 720 2384 672 2384 4 256H
207 720 2400 672 2400 4 /VPAD1
w 592 2368 720 2368 0
w 592 2368 592 2432 0
w 592 2432 720 2432 0
207 720 2464 672 2464 4 /VPAD2
207 720 2448 672 2448 4 /256H
153 720 2448 816 2448 0 3 0 5
207 816 2384 864 2384 4 PAD1
207 816 2448 864 2448 4 PAD2
152 1328 1872 1440 1872 0 4 0 5
w 448 2416 480 2416 0
w 480 2416 480 2384 0
R 448 2448 480 2448 0 0 40 5 0 0 0.5
422 1152 128 1216 128 0 5e-8
418 1920 1472 1872 1472 0 1 40 5 0 0 0.5 SC
207 1856 2304 1856 2368 4 HIT\sSOUND
207 1760 2272 1712 2272 4 VBALL256
207 1760 2304 1712 2304 4 /HIT
R 1760 2240 1712 2240 0 0 40 5 0 0 0.5
155 1760 2240 1856 2240 10 5
207 2272 1488 2272 1536 4 R
207 2224 1456 2224 1408 4 L
w 2272 1488 2304 1488 0
w 2224 1456 2320 1456 0
418 1872 1376 1840 1376 0 1 40 5 0 0 0.5 /MISS
207 1872 1344 1840 1344 4 /SRST
151 1872 1360 1984 1360 0 2 5 5
164 1984 1264 2032 1264 0 4 0 0 0 0 false 0
153 2112 1216 2256 1216 0 2 5 5
151 2112 1280 2256 1280 0 2 5 5
w 2080 1264 2112 1264 0
w 2112 1264 2112 1200 0
w 2080 1296 2080 1232 0
w 2080 1232 2112 1232 0
w 2080 1296 2112 1296 0
151 2336 1168 2448 1168 0 2 5 5
I 2256 1216 2336 1216 0 0.5 5
w 2256 1280 2256 1152 0
w 2256 1152 2336 1152 0
w 2336 1184 2336 1216 0
151 1888 1264 1984 1264 0 2 5 5
w 2256 1152 1888 1152 0
w 1888 1152 1888 1248 0
207 1888 1280 1840 1280 4 HIT\sSOUND
151 2448 1184 2592 1184 0 2 5 5
151 2448 1264 2592 1264 0 2 5 5
w 2336 1216 2336 1248 0
w 2336 1248 2448 1248 0
w 2448 1280 2448 1200 0
w 2448 1200 2448 1088 0
153 2448 1072 2592 1072 0 2 0 5
207 2448 1088 2400 1088 4 VRESET
207 2448 1056 2400 1056 4 /256H
207 1984 1360 1984 1408 4 RST\sSPEED
156 2624 1040 2688 1040 10 5
156 2768 1040 2784 1040 10 5
w 2592 1072 2624 1072 0
w 2592 1072 2592 1136 0
w 2592 1136 2752 1136 0
w 2752 1136 2752 1072 0
w 2752 1072 2768 1072 0
w 2720 1040 2736 1040 0
w 2736 1040 2768 1040 0
g 2768 1104 2768 1152 0 2
151 2864 1024 2976 1024 0 2 0 5
w 2736 1040 2736 1008 0
w 2736 1008 2864 1008 0
w 2976 1024 2976 976 0
w 2976 976 2608 976 0
w 2608 976 2608 1104 0
w 2608 1104 2624 1104 0
R 2624 1040 2624 992 0 0 40 5 0 0 0.5
w 2592 1184 2736 1184 0
w 2736 1184 2736 1072 0
w 2720 1072 2736 1072 0
w 2880 1264 2880 1072 0
w 2880 1072 2864 1072 0
207 2976 1024 3024 1024 4 MOVE
w 2592 1264 2880 1264 0
155 2096 1456 2192 1456 14 0
151 1920 1488 2016 1488 0 2 5 5
I 2016 1488 2096 1488 0 0.5 5
207 1920 1504 1872 1504 4 ATTRACT
w 2096 1456 2096 1424 0
w 2096 1424 2192 1424 0
w 2192 1424 2192 1488 0
w 2192 1456 2224 1456 0
151 2320 1440 2432 1440 0 2 5 5
207 2320 1424 2288 1424 4 MOVE
151 2320 1504 2432 1504 0 2 5 5
w 2320 1424 2320 1488 0
w 2192 1488 2272 1488 0
w 2304 1488 2304 1520 0
w 2304 1520 2320 1520 0
151 2432 1456 2544 1456 0 2 0 5
w 2432 1472 2432 1504 0
w 2432 1504 2544 1504 0
207 2544 1504 2592 1504 4 Ba
207 2544 1456 2592 1456 4 Aa
w 336 160 400 160 0
w 352 688 416 688 0
w 2864 1360 2928 1360 0
207 3040 1376 3072 1376 4 /MISSED
207 2928 1392 2896 1392 4 /ATTRACT
150 2928 1376 3040 1376 0 2 5 5
I 2800 1360 2864 1360 0 0.5 5
207 2800 1360 2800 1408 4 /MISS
150 2704 1360 2800 1360 0 2 0 5
207 2704 1376 2656 1376 4 HBLANK
207 2640 1344 2608 1344 4 /HVID
I 2640 1344 2704 1344 0 0.5 5
207 1856 2464 1856 2416 4 VBALL32
151 1856 2480 1952 2480 0 2 5 5
207 1760 2560 1712 2560 4 /VVID
207 1760 2496 1712 2496 4 VVID
207 1760 2528 1712 2528 4 VBLANK
156 1760 2496 1776 2496 0 0
207 1952 2480 1984 2480 4 TOPBOTHITSOUND
151 1888 2288 2000 2288 0 2 5 5
207 1888 2272 1888 2192 4 VBALL16
w 1856 2304 1888 2304 0
M 2000 2288 2048 2288 0 2.5
w 1952 560 1984 560 0
w 1984 864 1648 864 0
w 1984 544 1984 864 0
w 1952 528 1984 528 0
R 1744 832 1776 832 0 0 40 5 0 0 0.5
w 1840 720 1840 800 0
w 2096 720 1840 720 0
w 2096 544 2096 720 0
w 1840 800 1744 800 0
w 1840 496 1840 720 0
w 1744 496 1840 496 0
w 1856 608 1856 672 0
R 1856 608 1856 560 0 0 40 5 0 0 0.5
w 1856 544 1984 544 0
w 1856 336 1856 544 0
w 1744 336 1856 336 0
151 1984 544 2096 544 0 3 5 5
207 1952 640 2032 640 4 /CLR
207 1952 432 1920 432 4 HBALL4
207 1952 416 1920 416 4 HBALL8
w 1952 560 1952 608 0
w 1824 464 1952 464 0
w 1824 640 1824 528 0
w 1824 640 1856 640 0
207 2080 448 2112 448 4 /HVID
151 1952 448 2080 448 0 4 5 5
w 1744 640 1824 640 0
156 1856 608 1936 608 10 0
207 1744 768 1776 768 4 HBALL16
207 1744 736 1776 736 4 HBALL32
207 1744 704 1776 704 4 HBALL64
207 1744 672 1776 672 4 HBALL128
207 1744 464 1776 464 4 HBALL1
207 1744 432 1776 432 4 HBALL2
207 1744 400 1776 400 4 HBALL4
207 1744 368 1776 368 4 HBALL8
w 1744 576 1744 528 0
w 1648 832 1648 864 0
g 1616 704 1616 736 0 2
w 1648 704 1616 704 0
w 1648 736 1648 768 0
w 1648 704 1648 736 0
207 1648 800 1600 800 4 /CLR
207 1648 496 1600 496 4 /CLR
421 1648 640 1712 640 0 4 5 5 0 0 0
207 1648 640 1616 640 4 CLK
R 1648 672 1616 672 0 0 40 5 0 0 0.5
207 1744 576 1696 576 4 /HBLANK
R 1648 528 1616 528 0 0 40 5 0 0 0.5
R 1648 368 1616 368 0 0 40 5 0 0 0.5
g 1584 400 1584 416 0 2
w 1648 400 1584 400 0
207 1648 432 1616 432 4 Ba
207 1648 464 1616 464 4 Aa
207 1648 336 1616 336 4 CLK
421 1648 336 1712 336 0 4 0 0 0 0 0
421 2224 320 2288 320 0 4 0 5 5 0 0
207 2224 320 2192 320 4 /HSYNC
207 2224 448 2192 448 4 Ab
207 2224 416 2192 416 4 Bb
R 2224 512 2192 512 0 0 40 5 0 0 0.5
207 2320 560 2272 560 4 /VBLANK
421 2224 624 2288 624 0 4 0 5 5 5 0
w 2224 688 2224 720 0
w 2224 720 2224 752 0
w 2224 688 2192 688 0
g 2192 688 2192 720 0 2
w 2224 816 2224 848 0
w 2320 560 2320 512 0
w 2336 784 2320 784 0
w 2336 784 2336 480 0
w 2336 480 2320 480 0
207 2560 496 2560 544 4 /VVID
207 2224 384 2192 384 4 Cb
207 2224 352 2192 352 4 Db
w 2224 656 2224 688 0
207 2224 624 2192 624 4 /HSYNC
I 2560 496 2640 496 0 0.5 5
207 2640 496 2688 496 4 VVID
207 2320 752 2368 752 4 VBALL16
207 2320 720 2368 720 4 VBALL32
207 2320 688 2368 688 4 VBALL64
207 2320 656 2368 656 4 VBALL128
207 2320 448 2352 448 4 VBALL1
207 2320 416 2352 416 4 VBALL2
207 2320 384 2352 384 4 VBALL4
207 2320 352 2352 352 4 VBALL8
w 2320 320 2432 320 0
w 2432 320 2432 624 0
w 2432 848 2224 848 0
R 2320 816 2352 816 0 0 40 5 0 0 0.5
w 2432 624 2432 848 0
151 2448 608 2560 608 0 2 5 5
w 2432 624 2448 624 0
151 2464 496 2560 496 0 3 5 5
w 2320 624 2400 624 0
w 2400 624 2400 592 0
w 2400 592 2400 560 0
w 2400 592 2448 592 0
w 2400 512 2464 512 0
207 2464 480 2400 480 4 VBALL8
207 2464 496 2400 496 4 VBALL4
w 2336 784 2560 784 0
w 2560 784 2560 608 0
207 1952 608 2032 608 4 HBALL256
207 1952 336 1920 336 4 HBALL1
207 1952 304 1920 304 4 HBALL2
207 1952 272 1920 272 4 HBALL4
207 1952 240 1920 240 4 HBALL8
207 1952 208 1920 208 4 HBALL16
207 1952 176 1920 176 4 HBALL32
207 1952 144 1920 144 4 HBALL64
207 1952 112 1920 112 4 HBALL128
207 1952 80 1920 80 4 HBALL256
419 1952 80 2016 80 0 9
207 2624 400 2592 400 4 VBALL1
207 2624 368 2592 368 4 VBALL2
207 2624 336 2592 336 4 VBALL4
207 2624 304 2592 304 4 VBALL8
207 2624 272 2592 272 4 VBALL16
207 2624 240 2592 240 4 VBALL32
207 2624 208 2592 208 4 VBALL64
207 2624 176 2592 176 4 VBALL128
419 2624 176 2688 176 0 8
w 2400 560 2400 512 0
207 2400 560 2480 560 4 VBALL256
w 1824 528 1824 464 0
w 1824 528 1952 528 0
w 1952 560 1952 480 0
418 2224 784 2192 784 0 1 40 5 0 0 0.5 /CLR\sV
418 2224 480 2192 480 0 1 40 5 0 0 0.5 /CLR\sV
418 1680 208 1648 208 0 1 40 5 0 0 0.5 SERVE
207 1584 1728 1552 1728 4 /HVID
207 1584 1760 1552 1760 4 /VVID
151 1696 1824 1792 1824 0 2 5 5
w 1664 1744 1664 1840 0
w 1664 1840 1696 1840 0
151 1696 1920 1792 1920 0 2 5 5
w 1664 1840 1664 1904 0
w 1664 1904 1696 1904 0
207 1696 1936 1648 1936 4 PAD1
207 1696 1808 1600 1808 4 PAD2
151 1792 1872 1904 1872 0 2 0 5
w 1792 1824 1792 1856 0
w 1792 1888 1792 1920 0
207 1792 1920 1840 1920 4 /HIT1
207 1792 1824 1840 1824 4 /HIT2
207 1904 1872 1936 1872 4 HIT
153 1584 1744 1664 1744 0 2 0 5
207 2192 1520 2224 1520 4 /HIT1
207 2096 1520 2064 1520 4 /HIT2
x 428 28 728 31 4 36 Horizontal\sCounter
x 1253 632 1437 635 4 36 Display\sNet
x 768 1059 990 1062 4 36 Display\sScore
x 516 585 772 588 4 36 Vertical\sCounter
x 1665 16 2035 19 4 36 Horizontal\sBall\sCounter
x 2179 114 2505 117 4 36 Vertical\sBall\sCounter
x 769 1950 899 1953 4 36 Paddles
x 1900 1017 2258 1020 4 36 Horizontal\sBall\sControl
x 2252 1639 2566 1642 4 36 Vertical\sBall\sControl
w 2320 2144 2320 2368 0
w 2352 2144 2320 2144 0
150 2144 1792 2224 1792 0 2 0 5
150 2144 1856 2224 1856 0 2 0 5
153 2224 1824 2304 1824 0 2 5 5
w 2224 1792 2224 1808 0
w 2224 1840 2224 1856 0
w 2224 1984 2224 2000 0
w 2224 1936 2224 1952 0
153 2224 1968 2304 1968 0 2 5 5
150 2144 2000 2224 2000 0 2 0 5
150 2144 1936 2224 1936 0 2 0 5
w 2224 2128 2224 2144 0
w 2224 2080 2224 2096 0
153 2224 2112 2304 2112 0 2 5 5
150 2144 2144 2224 2144 0 2 0 5
150 2144 2080 2224 2080 0 2 0 5
207 2144 1776 2112 1776 4 B1
207 2144 1840 2112 1840 4 B2
207 2144 1920 2112 1920 4 C1
207 2144 1984 2112 1984 4 C2
207 2144 2064 2112 2064 4 D1
207 2144 2128 2112 2128 4 D2
w 2144 1808 2080 1808 0
w 2080 1808 2080 1952 0
w 2080 1952 2144 1952 0
w 2080 1952 2080 2096 0
w 2080 2096 2144 2096 0
w 2144 1872 2048 1872 0
w 2048 1872 2048 2016 0
w 2048 2016 2144 2016 0
w 2048 2016 2048 2160 0
w 2048 2160 2144 2160 0
207 2048 1872 2000 1872 4 256H
207 2080 1808 2032 1808 4 /256H
155 2352 1824 2464 1824 10 0
155 2352 1968 2464 1968 10 0
155 2352 2112 2464 2112 10 0
w 2352 1856 2352 2000 0
w 2352 2000 2352 2144 0
w 2352 2176 2336 2176 0
w 2336 2176 2336 2032 0
w 2336 2032 2352 2032 0
w 2336 2032 2336 1888 0
w 2336 1888 2352 1888 0
w 2304 1824 2352 1824 0
w 2304 1968 2352 1968 0
w 2304 2112 2352 2112 0
w 2352 1856 2352 1712 0
w 2336 1888 2336 1744 0
I 2272 1744 2336 1744 0 0.5 5
207 2272 1744 2240 1744 4 ATTRACT
154 2480 1840 2576 1840 0 2 0 5
154 2480 1984 2592 1984 0 2 0 5
w 2480 1856 2480 2000 0
w 2448 1968 2480 1968 0
w 2448 1824 2480 1824 0
150 2480 2096 2560 2096 0 2 0 5
150 2480 2192 2560 2192 0 2 5 5
153 2560 2128 2640 2128 0 2 0 5
w 2560 2096 2560 2112 0
w 2560 2144 2560 2192 0
w 2480 2000 2480 2080 0
w 2448 2112 2480 2112 0
w 2448 2176 2480 2176 0
196 2736 1840 2816 1840 2 4
w 2736 2096 2720 2096 0
g 2720 2096 2720 2128 0 2
w 2720 2096 2720 1968 0
w 2720 1968 2736 1968 0
w 2720 1968 2720 1840 0
w 2720 1840 2736 1840 0
w 2592 1984 2592 1904 0
w 2592 1904 2736 1904 0
w 2576 1840 2576 1936 0
w 2576 1936 2736 1936 0
w 2640 2128 2640 2064 0
w 2640 1872 2736 1872 0
I 2640 2064 2704 2064 0 0.5 5
w 2704 2064 2736 2064 0
w 2640 2064 2640 1872 0
w 2736 2000 2688 2000 0
w 2736 2032 2688 2032 0
w 2688 2032 2688 2000 0
R 2688 2000 2688 1968 0 0 40 5 0 0 0.5
207 2832 1904 2880 1904 4 Db
207 2832 1936 2880 1936 4 Cb
207 2832 1968 2880 1968 4 Bb
207 2832 2000 2880 2000 4 Ab
156 2352 2240 2448 2240 10 0
w 2480 2080 2464 2080 0
w 2464 2080 2464 2240 0
w 2464 2240 2448 2240 0
w 2480 2208 2480 2304 0
w 2480 2304 2448 2304 0
I 2320 2368 2464 2368 0 0.5 5
w 2464 2368 2464 2272 0
w 2464 2272 2448 2272 0
w 2352 2272 2304 2272 0
w 2352 2240 2304 2240 0
w 2352 2240 2352 2304 0
207 2304 2240 2256 2240 4 VVID
207 2304 2272 2256 2272 4 VBLANK
207 2464 2368 2512 2368 4 /HIT
207 2352 1712 2320 1712 4 HIT
L 1632 2128 1632 2176 0 0 false 5 0
207 1632 2128 1584 2128 4 ATTRACT
I 1632 2128 1696 2128 0 0.5 5
207 1696 2128 1744 2128 4 /ATTRACT
207 256 1456 304 1456 4 SCORE1_8
207 256 1488 304 1488 4 SCORE1_4
207 256 1520 304 1520 4 SCORE1_2
207 256 1552 304 1552 4 SCORE1_1
207 288 1424 320 1424 4 /SCORE1_10
207 288 1600 320 1600 4 /SCORE2_10
207 256 1728 304 1728 4 SCORE2_1
207 256 1696 304 1696 4 SCORE2_2
207 256 1664 304 1664 4 SCORE2_4
207 256 1632 304 1632 4 SCORE2_8
L 256 1424 224 1424 0 1 false 5 0
L 256 1456 224 1456 0 0 false 5 0
L 256 1488 224 1488 0 0 false 5 0
L 256 1520 224 1520 0 0 false 5 0
L 256 1552 224 1552 0 0 false 5 0
L 256 1600 224 1600 0 0 false 5 0
L 256 1632 224 1632 0 1 false 5 0
L 256 1664 224 1664 0 0 false 5 0
L 256 1696 224 1696 0 0 false 5 0
L 256 1728 224 1728 0 0 false 5 0
I 256 1424 288 1424 0 0.5 5
I 256 1600 288 1600 0 0.5 5
